2337,2353,2970
2975,2978,2980
2981,3003,3228
3231,3232,3236
3237,3238,3241
3242,3244,3245
3246,3248,3252
3254,3258,3261
3264,3266,3271
3275,3276,3277
3280,3284,3286
3288,3289,3291
3293,3294,3297
3299,3300,3452
3454,3457,3458
3461,3464,3465
3467,3469,3474
3475,3477,3479
3480,3482,3484
3486,3489,3490
3491,3494,3495
3496,3497,3498
3528,3772,4666
4809,5280,6625
8801,8802,8803
8804,8806,8818
8830,8836,8841
8842,8844,8848
8850,8854,8860
8864,8869,8871
8877,8881,8885
8886,8887,8889
8890,8891,8892
8893,8894,8897
8898,8903,8904
8905,8908,8909
8912,8914,8917
8918,8919,8922
8923,8925,8927
8928,8929,8931
8934,8935,8938
8940,8944,8945
8946,8995,8999
9706,9816,9820