3405,3407,3553
4004,4005,4008
4021,4022,4023
4025,4027,4028
4031,4041,4042
4043,4044,4045
4046,4047,4061
4063,4064,4078
4080,4082,4088
4091,4092,4093
4094,4095,4097
4098,4099,4100
4102,4107,4109
4112,4113,4114
4115,4116,4118
4119,4120,4124
4182,4183,4185
4186,4187,4188
4189,4202,4203
4204,4205,4206
4208,4212,4215
4216,4217,4218
4220,4221,4222
4224,4228,4229
4231,4234,4235
4237,4238,4240
4241,4242,4243
4245,4246,4248
4249,4251,4272
4274,4275,4361
4362,4364,4365
4366,4367,4368
4369,4401,4403
4406,4409,4410
4452,4461,4462
4463,4464,4465
4471,4531,4611
4612,4613,4615
4616,4617,4619
4620,4621,4623
4624,4625,4626
4627,4628,4629
4631,4633,4634
4635,4636,4901
4911,4912,4914
4917,4918,4919
4920,4921,4922
4923,4925,4926
4927,4928,4929
4931,4951,4952
4955,4956,4957
4958,4960,4962
4963,4966,4967
4968,4970,4971
4972,4973,4974
4975,4976,4977
4978,4979,4980
4985,4987,4990
4992,4994,4996
4997,4998,4999
5142,5208,6776
6988,7871,7874
7877,7886,7888
7891,7895,7899
7908,7917,7925
7927,7928,7931
7940,7942,7947
7958,7970,7971
7988,7995,8113
9385,9845,