2651,2652,2653
2654,2656,2659
2664,2666,2669
2670,2673,2674
2675,2678,2681
2683,2685,2686
2687,2694,2695
2698,2702,2705
2722,2726,2730
2734,2735,2736
2742,2747,2752
2753,2754,2762
2764,2769,2778
2780,2782,2789
2790,2791,2792
2796,2798,3011
3020,3021,3028
3030,3034,3046
3048,3050,3053
3058,3059,3063
3064,3065,3067
3068,3069,3071
3073,3075,3077
3080,3082,3083
3085,3086,3087
3088,3091,3092
3093,3094,3096
3097,3098,3099
3133,3134,3135
3137,3138,3141
3148,3159,3169
3171,3172,3174
3175,3177,3178
3179,3181,3182
3184,3185,3186
3187,3189,3190
3191,3192,3193
3194,3195,3196
3197,3198,3199
3221,3222,3223
3224,3317,3319
3328,3329,3333
3341,3344,3347
3349,3352,3353
3358,3361,3370
3372,3375,3376
3382,3387,3391
3395,3396,3397
3399,3415,3416
3418,3536,3538
3539,3542,3544
3546,3547,3548
3549,3550,3556
3557,3558,3560
3561,3563,3564
3566,3726,4350
5856,6993,7412
7416,7419,7421
7445,7448,7450
7453,7455,7462
7463,7475,7494
7506,7508,7509
7512,7513,7514
7515,7516,7520
7522,7523,7524
7532,7544,7545
7550,7554,7561
7562,7564,7571
7577,7578,7581
7585,7593,7596
7601,7603,7604
7605,7606,7610
7611,7614,7615
7616,7618,7621
7623,7625,7630
7636,7638,7640
7643,7646,7647
7649,7671,7674
7676,7678,7682
7683,7918,8005
8008,8028,8160
8163,8165,8166
8167,8168,8173
8174,8179,8181
8182,8184,8185
8186,8194,8198
8200,8202,8203
8207,8208,8209
8214,8215,8217
8218,8219,8227
8230,8233,8237
8242,8244,8247
8252,8254,8255
8257,8260,8267
8273,8276,8278
8279,8281,8282
8287,8289,8291
8298,9262,9263
9266,9267,9271
9272,9275,9278
9279,9627,9823
9828,9829,9831
9835,9842,9843
9846,9850,9853
9854,9856,9861
9873,9876,9878
9887,9890,9900
9903,9904,9919
9927,9936,9945
9946,9948,9950
9956,9959,9966
9969,9973,9974
9976,9977,9978
9979,9980,9983
9989,9990,9993
9994,9997,