1909,2773,5631
6005,6013,6022
6101,6103,6104
6113,6118,6121
6125,6131,6134
6135,6136,6137
6138,6140,6141
6143,6144,6145
6146,6147,6149
6150,6151,6155
6156,6157,6158
6159,6161,6164
6165,6166,6167
6203,6205,6208
6210,6217,6218
6222,6231,6232
6233,6235,6236
6237,6238,6239
6240,6245,6246
6247,6248,6249
6250,6254,6255
6257,6258,6262
6264,6265,6266
6267,6268,6269
6271,6272,6273
6274,6276,6277
6278,6279,6281
6282,6284,6286
6287,6289,6291
6292,6293,6294
6297,6298,6299
6301,6302,6303
6305,6306,6307
6309,6310,6312
6315,6316,6317
6322,6323,6324
6325,6326,6327
6328,6331,6332
6333,6334,6335
6336,6337,6338
6339,6340,6342
6343,6345,6346
6347,6349,6351
6355,6356,6357
6358,6360,6361
6362,6363,6364
6365,6367,6368
6369,6370,6371
6373,6378,6380
6381,6382,6383
6384,6387,6390
6391,6392,6393
6395,6396,6400
6402,6403,6405
6406,6407,6408
6409,6411,6412
6413,6414,6416
6417,6418,6419
6420,6424,6425
6428,6430,6432
6433,6436,6440
6444,6445,6454
6457,6458,6459
6460,6461,6462
6463,6464,6465
6466,6467,6469
6470,6471,6472
6473,6474,6480
6481,6482,6484
6485,6486,6488
6489,6490,6492
6494,6495,6496
6497,6498,6586
7004,7011,7013
7021,7718,7726
7758,7991,