3105,3856,4062
4902,6448,6479
6501,6502,6503
6504,6505,6506
6507,6508,6513
6516,6517,6518
6588,6590,6592
6594,6597,6615
6616,6617,6618
6619,6620,6622
6626,6627,6628
6629,6630,6632
6633,6634,6635
6637,6638,6639
6640,6641,6643
6644,6645,6647
6648,6651,6652
6653,6654,6656
6658,6659,6662
6663,6664,6666
6668,6670,6674
6675,6676,6677
6678,6694,6696
6698,6699,6701
6702,6703,6704
6706,6707,6709
6715,6718,6721
6722,6723,6724
6727,6728,6730
6731,6734,6736
6737,6740,6741
6742,6743,6744
6745,6748,6750
6752,6753,6754
6755,6757,6758
6762,6763,6768
6769,6770,6771
6772,6775,6777
6778,6779,6785
6787,6788,6789
6794,6798,6800
6803,6804,6806
6807,6809,6810
6814,6815,6817
6820,6822,6823
6824,6826,6832
6834,6835,6836
6837,6838,6839
6840,6841,6844
6845,6848,6849
6850,6852,6853
6855,6856,6857
6858,6859,6861
6862,6863,6864
6866,6867,6869
6870,6871,6874
6875,6877,6881
6882,6889,6890
6894,6897,6898
6899,6901,6904
6905,6907,6908
6912,6914,6915
6916,6918,6919
6920,6923,6924
6925,6926,6927
6928,6929,6930
6932,6937,6938
6941,6943,6945
6946,6947,6951
6952,6954,6955
6957,6958,6960
6961,6962,6963
6964,6965,6966
6967,6969,6971
6976,6977,6981
6986,6989,6994
6996,6997,6998
6999,7244,7276
7280,7735,7739
7751,7752,7965
7999,8035,